v2.0 raw
0 0 0 0 0 0 0 0
0 0 0 0 0 0 0 0
0 0 0 0 0 0 0 0
0 0 0 0 0 0 0 0
0 0 0 0 0 0 0 0
0 0 0 0 0 0 0 0
0 0 0 0 0 0 0 0
0 0 0 0 0 0 0 0
0 0 0 0 0 0 0 0
0 0 0 0 0 0 0 0
0 0 0 0 0 0 0 0
0 0 0 0 0 0 0 0
0 0 0 0 0 0 0 0
0 0 0 0 0 0 0 0
0 0 0 0 0 0 0 0
0 0 0 0 0 0 0 0
e0e5 2 e0e5 8 e0e5 c eded da
400b 101 100b 102 201b a00 300b 103
2231 0 1013 1 411 2000 207 9a
1001 0 219 a00 109 102 e0e5 1
e1e4 eded b9 100b 104 2101 0 1013
1 411 2000 207 af 1001 0 109
104 e0e5 fffe e2e4 eded b9 7 88
f a0eb 1 a0ab a00 90eb 2 8901
0 b003 ff bab1 4000 a4a3 ff00 a8a3
8 c0bb 3f 9a91 a000 283 1 107
d5 c9c1 4000 7 d7 c9c1 5000 cb9
3f 3dee a0eb 3 30eb 2 40eb 1
b001 0 100b 102 2301 0 2923 8
2421 6000 219 a00 5003 1 5351 9000
549 3f ab1 2000 107 fe 4243 1
1013 1 b0b3 1 7 e4 109 102
4dee ff 0 ffff 0 3f a00