0 0 1003 9
1 2 2003 64
2 4 e1e4
3 5 e2e4
4 6 eded 22
5 8 3003 0
6 10 402a
7 11 e4e4
8 12 eded 34
9 14 e4e4
10 15 1607 15
11 17 eded 46
12 19 1607 17
13 21 eded 3b
14 23 c28
15 24 131 2000
16 26 1607 62
17 28 2023 1
18 30 3033 1
19 32 1607 a
20 34 b0db 2
21 36 a0db 4
22 38 c003 0
23 40 cb8
24 41 ac1 2000
25 43 1607 33
26 45 b0b3 1
27 47 c0c3 1
28 49 1607 28
29 51 3dee
30 52 a0db 2
31 54 a0a3 4001
32 56 a3 2000
33 58 2dee
34 59 a0db 2
35 61 b003 3
36 63 eae4
37 64 ebe4
38 65 eded 4f
39 67 c0c3 7
40 69 2dee
41 70 a0db 2
42 72 eae4
43 73 eae4
44 74 eded 4f
45 76 c0c3 2003
46 78 2dee
47 79 90db 2
48 81 a0db 4
49 83 b003 0
50 85 c003 0
51 87 ba1 2000
52 89 1607 61
53 91 cc91 0
54 93 b0b3 1
55 95 1607 57
56 97 3dee
57 98 f